0.10416666666666667
0.10416666666666667
0.10416666666666667
0.003472222222222222
0.013194444444444444
0.0020833333333333333
0.002777777777777778
0.018055555555555554
0.004861111111111111
0.014583333333333334
0.10416666666666667
0.10416666666666667
0.0006944444444444445
0.0006944444444444445
0.00625
0.002777777777777778
0.0006944444444444445
0.10416666666666667
0.0006944444444444445
0.10416666666666667
0.0006944444444444445
0.021527777777777778
0.10416666666666667
0.005555555555555556
0.0020833333333333333
0.006944444444444444
0.001388888888888889
0.10416666666666667
0.10416666666666667
0.03194444444444444
0.009722222222222222
0.0006944444444444445
0.06666666666666667
0.10416666666666667
0.0006944444444444445
0.004166666666666667
0.10416666666666667
0.004861111111111111
0.10416666666666667
0.10416666666666667
0.05555555555555555
0.003472222222222222
0.0006944444444444445
0.10416666666666667
0.004166666666666667
0.006944444444444444
0.03125
0.0020833333333333333
0.0006944444444444445
0.004861111111111111
0.00625
0.002777777777777778
0.0006944444444444445
