DB에만 있고 CSV에는 없는 종목들 (총 987개)
=
0000D0
0000H0
0000J0
0000Y0
0000Z0
0001P0
0001S0
0002C0
0004G0
0005A0
0005C0
0005D0
0005G0
0007F0
0007G0
0007N0
0008E0
0008S0
0008T0
0010E0
0013P0
0013R0
0015B0
0015E0
0015F0
0015K0
0016X0
0017Y0
0018C0
0018Z0
0019K0
0020H0
0021C0
0021D0
0021E0
0022T0
0023A0
0023B0
0025N0
0026E0
0026S0
0035T0
0036D0
0036R0
0036Z0
0038A0
0040S0
0040X0
0040Y0
0041D0
0041E0
0043B0
0046A0
012600
069500
069660
091160
091170
091180
091220
091230
098560
099140
100910
101280
102110
102780
102960
102970
104520
104530
105010
105190
105780
108450
108590
114100
114260
114460
114470
114800
114820
117460
117680
117690
117700
122090
122260
122630
123310
123320
130680
130730
131890
132030
133690
136340
137610
138230
138520
138530
138540
138910
138920
139220
139230
139240
139250
139260
139270
139280
139290
139310
139320
139660
140570
140580
140700
140710
140950
143850
143860
144600
145670
145850
147970
148020
148070
150460
152100
152380
152500
152870
153130
153270
156080
157450
157490
157500
159800
160580
161510
166400
167860
168580
169950
174350
174360
176950
181480
182480
182490
183700
183710
185680
189400
190620
192090
192720
195920
195930
195970
195980
196030
196230
200030
200250
203780
204450
204480
205720
210780
211560
211900
213610
213630
214980
215620
217770
217780
218420
219390
219480
219900
220130
223190
225030
225040
225050
225060
225130
225800
226380
226490
226980
227540
227550
227560
227570
227830
228790
228800
228810
228820
229200
229720
230480
232080
233160
233740
234310
236350
237350
237370
237440
238670
238720
239660
241180
241390
243880
243890
244580
244620
244660
244670
245340
245350
245360
245710
248270
250730
250780
251340
251350
251590
251600
252000
252400
252410
252420
252650
252670
252710
253150
253160
253230
253240
253250
253280
253290
256440
256450
256750
261060
261070
261110
261120
261140
261220
261240
261250
261260
261270
261920
265690
266160
266360
266370
266390
266410
266420
266550
267440
267450
267490
267770
269370
269420
269530
269540
270800
270810
271050
271060
272560
272570
272580
272910
273130
273140
275280
275290
275300
275750
275980
276000
276650
276970
276990
277540
277630
277640
277650
278240
278530
278540
278620
279530
279540
280320
280920
280930
280940
281990
282000
283580
284430
284980
285690
287180
289040
289250
289260
289480
289670
290080
290130
291130
291620
291630
291680
291890
292050
292150
292160
292190
292500
292560
292730
292770
293180
294400
295000
295020
295040
298340
298770
300610
300640
300950
301400
301410
302190
302450
304660
304670
304760
304770
304780
304940
305050
305080
305540
305720
306520
306530
306950
307510
307520
308620
309230
310080
310960
310970
314250
314700
315270
315930
315960
316300
316670
319640
321410
322400
322410
325010
325020
326230
326240
328370
329200
329650
329660
329670
329750
332500
332610
332620
332930
332940
334690
334700
336160
337120
337140
337150
337160
341850
346000
352540
352560
354240
354350
354500
356540
357870
359210
360140
360150
360200
360750
361580
363510
363570
363580
364690
364960
364970
364980
364990
365000
365040
365780
367380
367740
367760
367770
368190
368590
368680
371150
371160
371450
371460
371470
371870
372330
373490
373530
373790
375270
375760
375770
376410
377990
379780
379790
379800
379810
380340
381170
381180
381560
381570
385510
385520
385540
385550
385560
385590
385600
385710
385720
387270
387280
388280
388420
390390
390400
391600
391670
394350
394660
394670
395150
395160
395170
395270
395280
395290
395750
395760
396500
396510
396520
397410
397420
399110
399580
400570
400580
400590
400970
401170
401470
401590
402460
402970
403790
404120
404260
404540
404650
407160
407170
407300
407310
407820
407830
409810
409820
410870
411050
411060
411420
411540
411860
412560
412570
412770
413220
413930
414270
414780
415340
415760
415920
416090
417450
417630
418660
418670
419170
419420
419430
419650
419890
421320
422260
422420
423160
423170
423920
424460
426020
426030
426150
426330
427120
428510
428560
429000
429010
429740
429760
429870
429980
430500
432600
432840
432850
433220
433250
433330
433500
433850
433860
433870
433880
433970
433980
434060
434730
434960
435040
435420
435530
435540
435550
436140
437070
437080
437350
437370
437550
438080
438100
438320
438330
438560
438570
438740
438900
439860
439870
440340
440640
440650
440910
441330
441540
441640
441680
441800
442090
442260
442320
442550
442560
442570
442580
444200
444490
445150
445290
445690
445910
446690
446700
446720
446770
447430
447620
447660
447770
448100
448290
448300
448330
448490
448540
448570
448600
448630
449170
449180
449190
449450
449580
449680
449690
449770
449780
450120
450180
450190
450910
451000
451060
451150
451530
451540
451600
451670
452250
452360
452440
453010
453060
453080
453330
453540
453630
453640
453650
453660
453810
453820
453850
453870
453950
454180
454320
454780
455030
455660
455850
455860
455890
455960
456200
456250
456600
456610
456680
456880
457480
457690
457700
457930
457990
458030
458210
458250
458260
458730
458750
458760
459370
459560
459580
459750
459790
460270
460280
460660
460960
461260
461270
461340
461450
461460
461490
461500
461580
461600
461900
461910
461950
462010
462330
462340
462540
462900
463050
463250
463290
463300
463640
463680
463690
464060
464240
464310
464470
464600
464610
464920
464930
465330
465350
465580
465610
465620
465660
465670
465780
466400
466810
466920
466930
466940
466950
467540
467620
467940
468370
468380
468630
468820
469050
469060
469070
469150
469160
469170
469530
469790
469830
470310
471040
471230
471290
471460
471760
471780
471990
472150
472160
472170
472350
472490
472720
472830
472840
472870
472920
473290
473330
473440
473460
473490
473500
473590
473640
474220
474390
474590
474800
474920
475050
475070
475080
475260
475270
475280
475300
475310
475350
475380
475630
475720
476000
476030
476070
476260
476310
476450
476550
476690
476750
476760
476800
476810
476850
477050
477080
477490
477730
478150
479080
479520
479620
479730
479850
480020
480030
480040
480260
480310
480460
481050
481060
481180
481190
481200
481340
481430
482030
482730
482870
483020
483030
483230
483240
483280
483290
483320
483330
483340
483420
483570
484790
484880
484890
485540
485690
485810
486240
486290
486450
486780
486790
486830
487130
487230
487240
487340
487750
487910
487920
487950
488080
488200
488210
488290
488480
488500
488720
488770
488980
489000
489010
489030
489250
489290
489570
489860
489870
490090
490330
490480
490490
490590
490600
491010
491080
491090
491220
491230
491510
491610
491620
491630
491700
491820
491830
492500
493420
493810
494180
494210
494220
494300
494310
494330
494340
494410
494420
494670
494840
494890
494900
495040
495050
495060
495230
495330
495550
495710
495750
495850
495940
496020
496080
496090
496120
496130
496770
497510
497520
497570
497780
497880
498050
498180
498270
498400
498410
498610
498860
499150
499660
029960
071460
072520
435380
435620
435870
437780
438580
439250
439730
456440
457390
468510
